1.000000000000000000e+00
7.974904875710685515e-01
8.094681287652552015e-01
8.233243566975784189e-01
8.346371164004247056e-01
8.474880838782855585e-01
8.610481418506512608e-01
8.726359590894998686e-01
8.850252150117172700e-01
8.970372770314388733e-01
9.096994325665440639e-01
9.218883789992067257e-01
9.362584919351244483e-01
9.471024451197184169e-01
9.600610064531531762e-01
9.720442887852399627e-01
9.853209654185108857e-01
9.958119311525929218e-01
9.971674375608794438e-01
9.979199710513336763e-01
9.961807617868748688e-01
9.957030204167850451e-01
9.961094783312599565e-01
9.972519410048128474e-01
9.958257881068257600e-01
9.978337921816127221e-01
9.974605830151452857e-01
9.968228538793816318e-01
9.969585042998000413e-01
9.972117986835415948e-01
9.965667853634164741e-01
9.972029079059916423e-01
9.967949383423218013e-01
