0.000000 0.000000 0.000000
-0.992967 0.016743 0.117204
-0.233724 -0.368969 -0.899575
-0.411483 -0.388988 0.824239
-0.233520 0.951765 -0.199028
-0.398065 0.502095 -0.767753
0.301218 -0.065563 0.951299
0.932333 0.002352 0.361593
0.528127 0.569658 0.629739
0.472219 0.862142 -0.183633
-0.001305 0.437716 -0.899112
0.570440 -0.571015 -0.590373
-0.547928 0.060317 0.834348
-0.229839 -0.823925 0.517998
0.624047 -0.666718 0.407496
0.162477 -0.786506 0.595827
-0.816844 0.180878 0.547767
-0.090414 -0.994341 -0.055779
-0.653146 -0.176513 -0.736372
0.120958 0.003446 -0.992652
0.620326 -0.783615 -0.033807
-0.290532 0.911214 0.292029
0.139447 -0.746791 -0.650275
0.907082 -0.381608 0.177702
-0.230482 -0.852783 -0.468657
-0.263863 0.406628 0.874660
-0.857825 -0.250903 0.448536
-0.837452 -0.429620 -0.337788
-0.867042 -0.488899 0.096005
-0.726357 0.255396 -0.638105
0.614119 0.760065 0.212507
0.637078 0.590668 -0.495220
0.850797 -0.470393 -0.234253
